            V          S(V)          A(V)          I(V)          T(V)
          441
       4500.0           0.0          0.00      0.000000         0.000
       4490.0          23.7          0.00      0.000075         0.005
       4480.0          47.4          0.00      0.000151         0.011
       4470.0          71.2          0.01      0.000228         0.016
       4460.0          95.0          0.01      0.000305         0.021
       4450.0         118.8          0.02      0.000382         0.027
       4440.0         142.7          0.03      0.000460         0.032
       4430.0         166.6          0.04      0.000538         0.037
       4420.0         190.5          0.06      0.000616         0.043
       4410.0         214.4          0.07      0.000695         0.048
       4400.0         238.4          0.09      0.000775         0.054
       4390.0         262.4          0.11      0.000855         0.059
       4380.0         286.4          0.13      0.000935         0.065
       4370.0         310.5          0.16      0.001016         0.070
       4360.0         334.6          0.18      0.001097         0.076
       4350.0         358.7          0.21      0.001179         0.081
       4340.0         382.9          0.24      0.001262         0.087
       4330.0         407.0          0.27      0.001344         0.092
       4320.0         431.3          0.30      0.001428         0.098
       4310.0         455.5          0.34      0.001512         0.103
       4300.0         479.8          0.38      0.001596         0.109
       4290.0         504.1          0.42      0.001681         0.115
       4280.0         528.4          0.46      0.001766         0.120
       4270.0         552.8          0.50      0.001852         0.126
       4260.0         577.2          0.55      0.001938         0.132
       4250.0         601.6          0.60      0.002025         0.138
       4240.0         626.1          0.65      0.002112         0.143
       4230.0         650.6          0.70      0.002200         0.149
       4220.0         675.1          0.76      0.002289         0.155
       4210.0         699.7          0.81      0.002378         0.161
       4200.0         724.3          0.87      0.002467         0.167
       4190.0         748.9          0.93      0.002557         0.172
       4180.0         773.6          1.00      0.002648         0.178
       4170.0         798.3          1.07      0.002739         0.184
       4160.0         823.0          1.13      0.002831         0.190
       4150.0         847.7          1.21      0.002923         0.196
       4140.0         872.5          1.28      0.003016         0.202
       4130.0         897.3          1.36      0.003109         0.208
       4120.0         922.2          1.43      0.003203         0.214
       4110.0         947.1          1.51      0.003298         0.220
       4100.0         972.0          1.60      0.003393         0.226
       4090.0         996.9          1.68      0.003488         0.232
       4080.0        1021.9          1.77      0.003585         0.239
       4070.0        1047.0          1.86      0.003682         0.245
       4060.0        1072.0          1.96      0.003779         0.251
       4050.0        1097.1          2.05      0.003878         0.257
       4040.0        1122.2          2.15      0.003976         0.263
       4030.0        1147.4          2.25      0.004076         0.269
       4020.0        1172.6          2.36      0.004176         0.276
       4010.0        1197.8          2.46      0.004277         0.282
       4000.0        1223.1          2.57      0.004378         0.288
       3990.0        1248.4          2.68      0.004480         0.295
       3980.0        1273.7          2.80      0.004583         0.301
       3970.0        1299.1          2.92      0.004686         0.307
       3960.0        1324.5          3.04      0.004790         0.314
       3950.0        1349.9          3.16      0.004894         0.320
       3940.0        1375.4          3.29      0.005000         0.327
       3930.0        1400.9          3.41      0.005106         0.333
       3920.0        1426.4          3.55      0.005213         0.340
       3910.0        1452.0          3.68      0.005320         0.346
       3900.0        1477.6          3.82      0.005428         0.353
       3890.0        1503.3          3.96      0.005537         0.359
       3880.0        1529.0          4.10      0.005646         0.366
       3870.0        1554.7          4.25      0.005757         0.373
       3860.0        1580.5          4.40      0.005868         0.379
       3850.0        1606.2          4.55      0.005979         0.386
       3840.0        1632.1          4.71      0.006092         0.393
       3830.0        1657.9          4.87      0.006205         0.399
       3820.0        1683.8          5.03      0.006319         0.406
       3810.0        1709.8          5.20      0.006433         0.413
       3800.0        1735.8          5.36      0.006549         0.420
       3790.0        1761.8          5.54      0.006665         0.427
       3780.0        1787.8          5.71      0.006782         0.434
       3770.0        1813.9          5.89      0.006900         0.440
       3760.0        1840.1          6.07      0.007019         0.447
       3750.0        1866.3          6.26      0.007138         0.454
       3740.0        1892.5          6.45      0.007258         0.461
       3730.0        1918.7          6.64      0.007380         0.468
       3720.0        1945.0          6.83      0.007502         0.475
       3710.0        1971.4          7.03      0.007624         0.483
       3700.0        1997.7          7.23      0.007748         0.490
       3690.0        2024.1          7.44      0.007872         0.497
       3680.0        2050.5          7.65      0.007998         0.504
       3670.0        2077.0          7.86      0.008124         0.511
       3660.0        2103.5          8.08      0.008251         0.518
       3650.0        2130.1          8.30      0.008379         0.526
       3640.0        2156.7          8.53      0.008508         0.533
       3630.0        2183.3          8.76      0.008637         0.540
       3620.0        2210.0          8.99      0.008768         0.548
       3610.0        2236.8          9.22      0.008899         0.555
       3600.0        2263.5          9.46      0.009032         0.562
       3590.0        2290.4          9.71      0.009166         0.570
       3580.0        2317.2          9.96      0.009300         0.577
       3570.0        2344.1         10.21      0.009436         0.585
       3560.0        2371.1         10.46      0.009572         0.593
       3550.0        2398.0         10.72      0.009709         0.600
       3540.0        2425.0         10.99      0.009847         0.608
       3530.0        2452.1         11.26      0.009987         0.615
       3520.0        2479.1         11.53      0.010127         0.623
       3510.0        2506.3         11.80      0.010268         0.631
       3500.0        2533.5         12.09      0.010411         0.639
       3490.0        2560.7         12.37      0.010554         0.646
       3480.0        2587.9         12.66      0.010699         0.654
       3470.0        2615.3         12.96      0.010844         0.662
       3460.0        2642.6         13.25      0.010991         0.670
       3450.0        2670.0         13.56      0.011139         0.678
       3440.0        2697.4         13.87      0.011288         0.686
       3430.0        2724.9         14.18      0.011437         0.694
       3420.0        2752.5         14.49      0.011588         0.702
       3410.0        2780.1         14.82      0.011741         0.710
       3400.0        2807.7         15.14      0.011894         0.718
       3390.0        2835.3         15.47      0.012048         0.726
       3380.0        2863.0         15.81      0.012204         0.734
       3370.0        2890.8         16.15      0.012361         0.743
       3360.0        2918.6         16.50      0.012519         0.751
       3350.0        2946.5         16.85      0.012678         0.759
       3340.0        2974.3         17.20      0.012838         0.768
       3330.0        3002.3         17.56      0.013000         0.776
       3320.0        3030.3         17.93      0.013163         0.784
       3310.0        3058.3         18.30      0.013327         0.793
       3300.0        3086.4         18.68      0.013492         0.801
       3290.0        3114.5         19.06      0.013659         0.810
       3280.0        3142.7         19.45      0.013827         0.818
       3270.0        3171.0         19.84      0.013996         0.827
       3260.0        3199.3         20.24      0.014167         0.836
       3250.0        3227.5         20.64      0.014339         0.844
       3240.0        3255.9         21.05      0.014512         0.853
       3230.0        3284.3         21.46      0.014687         0.862
       3220.0        3312.7         21.89      0.014863         0.871
       3210.0        3341.2         22.31      0.015040         0.880
       3200.0        3369.7         22.74      0.015219         0.888
       3190.0        3398.3         23.18      0.015400         0.897
       3180.0        3427.0         23.63      0.015582         0.906
       3170.0        3455.7         24.08      0.015765         0.915
       3160.0        3484.4         24.53      0.015949         0.925
       3150.0        3513.3         24.99      0.016135         0.934
       3140.0        3542.1         25.46      0.016323         0.943
       3130.0        3571.1         25.94      0.016512         0.952
       3120.0        3600.1         26.42      0.016703         0.961
       3110.0        3629.1         26.90      0.016896         0.971
       3100.0        3658.1         27.40      0.017089         0.980
       3090.0        3687.2         27.90      0.017285         0.989
       3080.0        3716.3         28.41      0.017482         0.999
       3070.0        3745.5         28.92      0.017681         1.008
       3060.0        3774.8         29.44      0.017882         1.018
       3050.0        3804.1         29.97      0.018084         1.027
       3040.0        3833.4         30.50      0.018288         1.037
       3030.0        3862.9         31.04      0.018493         1.047
       3020.0        3892.4         31.59      0.018700         1.057
       3010.0        3921.9         32.14      0.018909         1.066
       3000.0        3951.5         32.71      0.019120         1.076
       2990.0        3981.1         33.28      0.019333         1.086
       2980.0        4010.8         33.85      0.019547         1.096
       2970.0        4040.6         34.44      0.019763         1.106
       2960.0        4070.4         35.03      0.019981         1.116
       2950.0        4100.2         35.63      0.020202         1.126
       2940.0        4130.1         36.24      0.020424         1.136
       2930.0        4160.1         36.85      0.020647         1.147
       2920.0        4190.1         37.48      0.020873         1.157
       2910.0        4220.2         38.11      0.021101         1.167
       2900.0        4250.3         38.75      0.021331         1.178
       2890.0        4280.5         39.40      0.021563         1.188
       2880.0        4310.7         40.05      0.021796         1.198
       2870.0        4341.1         40.72      0.022032         1.209
       2860.0        4371.4         41.39      0.022270         1.220
       2850.0        4401.9         42.07      0.022511         1.230
       2840.0        4432.4         42.76      0.022753         1.241
       2830.0        4462.9         43.46      0.022998         1.252
       2820.0        4493.6         44.17      0.023245         1.263
       2810.0        4524.2         44.88      0.023494         1.273
       2800.0        4554.9         45.61      0.023745         1.284
       2790.0        4585.7         46.34      0.023999         1.295
       2780.0        4616.6         47.09      0.024254         1.307
       2770.0        4647.4         47.84      0.024512         1.318
       2760.0        4678.4         48.60      0.024773         1.329
       2750.0        4709.4         49.38      0.025036         1.340
       2740.0        4740.6         50.16      0.025301         1.351
       2730.0        4771.7         50.95      0.025569         1.363
       2720.0        4803.0         51.75      0.025840         1.374
       2710.0        4834.3         52.57      0.026113         1.386
       2700.0        4865.7         53.39      0.026389         1.397
       2690.0        4897.1         54.22      0.026668         1.409
       2680.0        4928.7         55.07      0.026949         1.421
       2670.0        4960.2         55.92      0.027233         1.433
       2660.0        4991.8         56.79      0.027519         1.444
       2650.0        5023.5         57.66      0.027808         1.456
       2640.0        5055.1         58.55      0.028100         1.468
       2630.0        5086.9         59.45      0.028395         1.480
       2620.0        5118.8         60.36      0.028692         1.493
       2610.0        5150.8         61.28      0.028993         1.505
       2600.0        5182.9         62.22      0.029297         1.517
       2590.0        5215.1         63.16      0.029604         1.530
       2580.0        5247.1         64.12      0.029913         1.542
       2570.0        5279.4         65.09      0.030226         1.554
       2560.0        5311.8         66.07      0.030543         1.567
       2550.0        5344.2         67.07      0.030863         1.580
       2540.0        5376.7         68.08      0.031187         1.593
       2530.0        5409.4         69.10      0.031513         1.605
       2520.0        5442.1         70.14      0.031844         1.618
       2510.0        5474.9         71.19      0.032177         1.631
       2500.0        5507.8         72.25      0.032515         1.645
       2490.0        5540.8         73.33      0.032856         1.658
       2480.0        5573.9         74.43      0.033201         1.671
       2470.0        5607.1         75.53      0.033550         1.685
       2460.0        5640.3         76.66      0.033903         1.698
       2450.0        5673.7         77.79      0.034259         1.712
       2440.0        5707.2         78.95      0.034619         1.725
       2430.0        5740.8         80.11      0.034983         1.739
       2420.0        5774.5         81.30      0.035352         1.753
       2410.0        5808.3         82.50      0.035725         1.767
       2400.0        5842.2         83.72      0.036101         1.781
       2390.0        5876.1         84.95      0.036483         1.795
       2380.0        5910.2         86.20      0.036868         1.810
       2370.0        5944.3         87.46      0.037257         1.824
       2360.0        5978.5         88.75      0.037651         1.838
       2350.0        6012.9         90.05      0.038050         1.853
       2340.0        6047.4         91.37      0.038454         1.868
       2330.0        6082.0         92.70      0.038862         1.883
       2320.0        6116.7         94.06      0.039274         1.897
       2310.0        6151.4         95.43      0.039692         1.912
       2300.0        6186.3         96.82      0.040114         1.928
       2290.0        6221.2         98.23      0.040541         1.943
       2280.0        6256.3         99.66      0.040973         1.958
       2270.0        6291.5        101.11      0.041414         1.974
       2260.0        6326.9        102.59      0.041856         1.989
       2250.0        6362.4        104.08      0.042304         2.005
       2240.0        6397.8        105.59      0.042757         2.021
       2230.0        6433.4        107.12      0.043216         2.037
       2220.0        6469.4        108.67      0.043681         2.053
       2210.0        6505.4        110.25      0.044151         2.069
       2200.0        6541.5        111.84      0.044628         2.085
       2190.0        6577.7        113.46      0.045110         2.102
       2180.0        6613.5        115.11      0.045598         2.118
       2170.0        6649.8        116.77      0.046093         2.135
       2160.0        6686.3        118.46      0.046593         2.152
       2150.0        6722.8        120.18      0.047100         2.169
       2140.0        6759.5        121.91      0.047613         2.186
       2130.0        6796.3        123.67      0.048132         2.203
       2120.0        6833.2        125.46      0.048658         2.221
       2110.0        6870.2        127.27      0.049190         2.239
       2100.0        6907.3        129.11      0.049730         2.256
       2090.0        6944.8        130.98      0.050277         2.274
       2080.0        6982.3        132.87      0.050832         2.292
       2070.0        7019.9        134.79      0.051393         2.310
       2060.0        7057.6        136.74      0.051962         2.328
       2050.0        7095.4        138.71      0.052538         2.346
       2040.0        7133.3        140.72      0.053122         2.365
       2030.0        7171.4        142.75      0.053713         2.384
       2020.0        7209.6        144.81      0.054312         2.402
       2010.0        7247.9        146.91      0.054920         2.421
       2000.0        7286.3        149.03      0.055535         2.441
       1990.0        7324.9        151.18      0.056159         2.460
       1980.0        7363.7        153.37      0.056792         2.480
       1970.0        7402.7        155.59      0.057434         2.499
       1960.0        7441.7        157.85      0.058084         2.519
       1950.0        7480.9        160.13      0.058743         2.539
       1940.0        7520.2        162.46      0.059411         2.559
       1930.0        7559.6        164.81      0.060089         2.580
       1920.0        7599.1        167.20      0.060776         2.600
       1910.0        7638.8        169.63      0.061472         2.621
       1900.0        7678.6        172.09      0.062179         2.642
       1890.0        7718.6        174.59      0.062895         2.664
       1880.0        7758.8        177.13      0.063623         2.684
       1870.0        7798.9        179.71      0.064361         2.706
       1860.0        7839.3        182.33      0.065110         2.727
       1850.0        7880.0        184.99      0.065870         2.749
       1840.0        7920.8        187.70      0.066640         2.771
       1830.0        7961.7        190.44      0.067423         2.794
       1820.0        8002.8        193.23      0.068217         2.816
       1810.0        8044.1        196.06      0.069023         2.839
       1800.0        8085.6        198.94      0.069842         2.862
       1790.0        8127.2        201.86      0.070674         2.885
       1780.0        8169.1        204.83      0.071520         2.909
       1770.0        8214.2        207.85      0.072374         2.932
       1760.0        8253.4        210.93      0.073248         2.956
       1750.0        8295.9        214.07      0.074137         2.980
       1740.0        8338.5        217.26      0.075040         3.005
       1730.0        8381.6        220.51      0.075961         3.030
       1720.0        8424.9        223.81      0.076898         3.055
       1710.0        8468.4        227.18      0.077849         3.080
       1700.0        8512.2        230.61      0.078818         3.106
       1690.0        8556.0        234.11      0.079805         3.132
       1680.0        8600.5        237.66      0.080808         3.158
       1670.0        8645.2        241.30      0.081833         3.185
       1660.0        8689.9        244.98      0.082872         3.212
       1650.0        8735.0        248.74      0.083931         3.239
       1640.0        8780.4        252.58      0.085011         3.267
       1630.0        8826.1        256.49      0.086111         3.294
       1620.0        8872.1        260.47      0.087231         3.323
       1610.0        8918.3        264.53      0.088371         3.351
       1600.0        8964.8        268.66      0.089533         3.380
       1590.0        9011.5        272.88      0.090715         3.410
       1580.0        9058.6        277.18      0.091922         3.439
       1570.0        9106.3        281.56      0.093151         3.469
       1560.0        9153.6        286.05      0.094408         3.500
       1550.0        9201.7        290.60      0.095683         3.531
       1540.0        9249.8        295.26      0.096986         3.562
       1530.0        9298.8        300.01      0.098315         3.594
       1520.0        9347.8        304.85      0.099670         3.626
       1510.0        9397.0        309.80      0.101049         3.658
       1500.0        9446.6        314.85      0.102459         3.691
       1490.0        9496.5        320.00      0.103896         3.725
       1480.0        9546.7        325.26      0.105363         3.759
       1470.0        9597.4        330.63      0.106860         3.793
       1460.0        9648.3        336.11      0.108388         3.828
       1450.0        9700.0        341.71      0.109947         3.863
       1440.0        9751.6        347.43      0.111540         3.899
       1430.0        9803.6        353.28      0.113202         3.935
       1420.0        9856.0        359.26      0.114864         3.972
       1410.0        9908.7        365.36      0.116561         4.009
       1400.0        9961.8        371.60      0.118293         4.047
       1390.0       10015.2        377.97      0.120025         4.085
       1380.0       10069.1        384.50      0.121833         4.124
       1370.0       10123.4        391.17      0.123681         4.164
       1360.0       10178.6        398.02      0.125581         4.204
       1350.0       10233.9        405.05      0.127528         4.245
       1340.0       10290.2        412.32      0.129540         4.287
       1330.0       10348.0        419.80      0.131608         4.330
       1320.0       10406.2        427.55      0.133748         4.374
       1310.0       10465.4        435.52      0.135949         4.419
       1300.0       10525.6        443.76      0.138222         4.465
       1290.0       10586.1        452.26      0.140561         4.512
       1280.0       10648.4        461.03      0.142971         4.560
       1270.0       10711.4        470.12      0.145468         4.610
       1260.0       10775.3        479.52      0.148041         4.660
       1250.0       10840.2        489.20      0.150689         4.712
       1240.0       10905.7        499.24      0.153430         4.765
       1230.0       10973.9        509.63      0.156261         4.819
       1220.0       11042.2        520.50      0.159217         4.876
       1210.0       11112.4        531.78      0.162277         4.933
       1200.0       11185.1        543.72      0.165504         4.994
       1190.0       11260.4        556.30      0.168894         5.057
       1180.0       11338.3        569.59      0.172463         5.123
       1170.0       11418.7        583.61      0.176213         5.191
       1160.0       11502.1        598.43      0.180156         5.262
       1150.0       11588.8        614.13      0.184311         5.337
       1140.0       11677.1        630.74      0.188684         5.415
       1130.0       11769.5        648.39      0.193300         5.496
       1120.0       11865.3        667.12      0.198166         5.581
       1110.0       11964.8        687.03      0.203302         5.670
       1100.0       12066.9        708.21      0.208705         5.763
       1090.0       12173.9        730.79      0.214446         5.861
       1080.0       12283.6        754.76      0.220472         5.962
       1070.0       12399.1        780.45      0.226871         6.069
       1060.0       12518.5        807.89      0.233631         6.181
       1050.0       12641.8        837.27      0.240792         6.298
       1040.0       12770.2        868.72      0.248351         6.422
       1030.0       12905.5        902.55      0.256424         6.551
       1020.0       13044.9        938.74      0.264927         6.687
       1010.0       13189.6        977.61      0.273940         6.829
       1000.0       13338.1       1019.50      0.283517         6.978
        990.0       13494.7       1064.76      0.293710         7.136
        980.0       13657.6       1113.44      0.304513         7.301
        970.0       13826.7       1166.00      0.315952         7.474
        960.0       14001.9       1222.19      0.328025         7.656
        950.0       14181.4       1282.28      0.340719         7.844
        940.0       14366.0       1346.41      0.354032         8.039
        930.0       14554.0       1414.51      0.366603         8.240
        920.0       14747.5       1486.85      0.382416         8.450
        910.0       14945.0       1563.74      0.397560         8.665
        900.0       15145.8       1645.27      0.413374         8.887
        890.0       15352.0       1732.17      0.429933         9.118
        880.0       15472.3       1824.54      0.447248         9.356
        870.0       15778.2       1922.87      0.465327         9.602
        860.0       15998.3       2027.60      0.484316         9.857
        850.0       16224.2       2139.13      0.504187        10.121
        840.0       16454.7       2257.85      0.524972        10.394
        830.0       16691.9       2384.76      0.546842        10.678
        820.0       16934.3       2535.46      0.569763        10.971
        810.0       17182.9       2664.39      0.593783        11.275
        800.0       17437.0       2818.79      0.619079        11.592
        790.0       17697.4       2983.48      0.645598        11.920
        780.0       17963.4       3159.18      0.673394        12.259
        770.0       18234.9       3345.32      0.702464        12.609
        760.0       18510.0       3543.00      0.732713        12.968
        750.0       18788.3       3751.22      0.764122        13.337
        740.0       19071.6       3971.33      0.796892        13.717
        730.0       19356.3       4204.05      0.830899        14.105
        720.0       19645.7       4449.87      0.866328        14.504
        710.0       19941.4       4709.90      0.903368        14.916
        700.0       20230.9       4984.67      0.941918        15.338
        690.0       20540.3       5275.48      0.982215        15.773
        680.0       20847.1       5583.52      1.024317        16.221
        670.0       21157.7       5908.14      1.068107        16.680
        660.0       21474.1       6253.50      1.114232        17.157
        650.0       21795.1       6618.99      1.162368        17.647
        640.0       22121.8       7005.56      1.212706        18.151
        630.0       22451.6       7415.80      1.265564        18.673
        620.0       22787.9       7850.45      1.320979        19.211
        610.0       23129.4       8311.74      1.379094        19.767
        600.0       23477.1       8801.79      1.440173        20.341
        590.0       23830.5       9320.66      1.504398        20.935
        580.0       24189.9       9873.97      1.571949        21.549
        570.0       24554.9      10460.98      1.643049        22.184
        560.0       24927.0      11085.83      1.718025        22.843
        550.0       25306.0      11751.88      1.797224        23.526
        540.0       25690.4      12460.31      1.880595        24.231
        530.0       26083.6      13215.97      1.968983        24.968
        520.0       26483.7      14022.66      2.062426        25.729
        510.0       26893.4      14884.50      2.161591        26.523
        500.0       27308.0      15808.54      2.266451        27.345
        490.0       27731.8      16791.57      2.377966        28.202
        480.0       28166.0      17847.34      2.496535        29.097
        470.0       28607.2      18978.52      2.622609        30.027
        460.0       29060.3      20193.95      2.757199        31.000
        450.0       29519.1      21501.39      2.900867        32.015
        440.0       29989.7      22906.34      3.054197        33.076
        430.0       30477.0      24423.47      3.219017        34.186
        420.0       30972.3      26056.06      3.394724        35.351
        410.0       31477.8      27822.44      3.583980        36.568
        400.0       31997.9      29734.02      3.787512        37.851
        390.0       32527.0      31806.85      4.006981        39.196
        380.0       33072.1      34059.26      4.244188        40.613
        370.0       33636.3      36508.99      4.500474        42.113
        360.0       34215.9      39178.27      4.778672        43.695
        350.0       34802.9      42095.96      5.081055        45.356
        340.0       35412.3      45289.98      5.410526        47.122
        330.0       36038.0      48795.07      5.770184        48.993
        320.0       36684.7      52652.33      6.164248        50.983
        310.0       37352.4      56908.00      6.597234        53.104
        300.0       38041.0      61616.52      7.073963        55.362
        290.0       38753.7      66840.00      7.600871        57.786
        280.0       39490.4      72657.33      8.185343        60.364
        270.0       40251.3      79157.90      8.836155        63.146
        260.0       41045.7      86449.99      9.563014        66.137
        250.0       41871.7      94662.38     10.379035        69.369
        240.0       42729.4     103954.53     11.299250        72.871
        230.0       43621.8     114518.70     12.342007        76.681
        220.0       44559.8     126593.30     13.530242        80.831
        210.0       45543.7     140474.50     14.892169        85.379
        200.0       46560.6     156536.56     16.463521        90.382
        190.0       47638.8     175246.91     18.289399        95.914
        180.0       48774.9     197219.35     20.428037       102.056
        170.0       49975.5     223241.79     22.955026       108.922
        160.0       51249.0     254364.73     25.970561       116.648
        150.0       52607.8     291995.98     29.608889       125.402
        140.0       54056.0     338068.49     34.054570       135.409
        130.0       55612.9     395282.13     39.565184       146.954
        120.0       57295.0     467510.69     46.510151       160.424
        110.0       59124.4     560467.31     55.434157       176.342
        100.0       61127.1     682861.06     67.167308       195.443
